[00:00:00]
        ambient                          = night
        ambient_color                    = 0.077500, 0.077500, 0.075000
        clouds_color                     = 0.000000, 0.000000, 0.000000, 0.000000
        clouds_texture                   = sky\sky_oblaka
        far_plane                        = 9000.000000
        fog_color                        = 0.368627, 0.388235, 0.427451
        fog_density                      = 0.900000
        fog_distance                     = 9000.000000
        hemisphere_color                 = 0.446000, 0.446000, 0.421000, 1.000000
        rain_color                       = 1.000000, 1.000000, 1.000000
        rain_density                     = 0.000000
        sky_color                        = 1.000000, 1.000000, 1.000000
        sky_rotation                     = 0.000000
        sky_texture                      = sky\sky_7_cube
        sun                              = default10
        sun_altitude                     = -67.999985
        sun_color                        = 0.622000, 0.580000, 0.476000
        sun_longitude                    = -28.000000
        sun_shafts_intensity             = 0.000000
        thunderbolt_collection           =
        thunderbolt_duration             = 0.000000
        thunderbolt_period               = 0.000000
        water_intensity                  = 0.000000
        wind_direction                   = 0.000000
        wind_velocity                    = 0.000000
 
[12:00:00]
        ambient                          = night
        ambient_color                    = 0.077500, 0.077500, 0.075000
        clouds_color                     = 0.000000, 0.000000, 0.000000, 0.000000
        clouds_texture                   = sky\sky_oblaka
        far_plane                        = 9000.000000
        fog_color                        = 0.368627, 0.388235, 0.427451
        fog_density                      = 0.900000
        fog_distance                     = 9000.000000
        hemisphere_color                 = 0.446000, 0.446000, 0.421000, 1.000000
        rain_color                       = 1.000000, 1.000000, 1.000000
        rain_density                     = 0.000000
        sky_color                        = 1.000000, 1.000000, 1.000000
        sky_rotation                     = 0.000000
        sky_texture                      = sky\sky_7_cube
        sun                              = default10
        sun_altitude                     = -67.999985
        sun_color                        = 0.622000, 0.580000, 0.476000
        sun_longitude                    = -28.000000
        sun_shafts_intensity             = 0.000000
        thunderbolt_collection           =
        thunderbolt_duration             = 0.000000
        thunderbolt_period               = 0.000000
        water_intensity                  = 0.000000
        wind_direction                   = 0.000000
        wind_velocity                    = 0.000000
 
